6
normal_fire 9
70000000 70000000 70000000 70000000 70000000 70000000 70000000 70000000 70000000
special_fire 9
70000000 70000000 70000000 70000000 70000000 70000000 70000000 70000000 70000000
bringerofdeath_bullet 16
10000000 10000000 10000000 10000000 10000000 10000000 100000000 100000000 100000000 100000000 100000000 100000000 10000000 10000000 10000000 10000000
dark_fire 15
70000000 70000000 70000000 70000000 70000000 30000000 30000000 30000000 30000000 30000000 30000000 70000000 70000000 70000000 70000000
ball_fire 13
70000000 70000000 70000000 70000000 70000000 70000000 70000000 70000000 70000000 70000000 70000000 70000000 70000000
boom 19
70000000 70000000 70000000 70000000 70000000 70000000 70000000 70000000 70000000 70000000 70000000 70000000 70000000 70000000 70000000 70000000 70000000 70000000 70000000