6
bringerofdeath_attack 9
70000000 70000000 70000000 70000000 70000000 70000000 70000000 70000000 70000000
bringerofdeath_dead 11
70000000 70000000 70000000 70000000 70000000 70000000 70000000 70000000 70000000 70000000 70000000
bringerofdeath_hurt 3
70000000 70000000 70000000
bringerofdeath_idle 8
70000000 70000000 70000000 70000000 70000000 70000000 70000000 70000000
bringerofdeath_run 8
70000000 70000000 70000000 70000000 70000000 70000000 70000000 70000000
bringerofdeath_summon 9
70000000 70000000 70000000 70000000 70000000 70000000 70000000 70000000 70000000