6
death_attack 13
70000000 70000000 70000000 70000000 70000000 70000000 70000000 70000000 70000000 70000000 70000000 70000000 70000000 
death_dead 18
70000000 70000000 70000000 70000000 70000000 70000000 70000000 70000000 70000000 70000000 70000000 70000000 70000000 70000000 70000000 70000000 70000000 70000000
death_idle 8
70000000 70000000 70000000 70000000 70000000 70000000 70000000 70000000 
death_run 12
70000000 70000000 70000000 70000000 70000000 70000000 70000000 70000000 70000000 70000000 70000000 70000000 
death_summon 5
70000000 70000000 70000000 70000000 70000000
death_hurt 4
70000000 70000000 70000000 70000000