7
idle 14
150000000 70000000 70000000 70000000 70000000 70000000 70000000 350000000 350000000 350000000 350000000 350000000 350000000 350000000 
run 8
70000000 70000000 70000000 70000000 70000000 70000000 70000000 70000000
jump 7
100000000 100000000 100000000 100000000 100000000 100000000 100000000
hurt 4
140000000 140000000 140000000 140000000
dead 10
70000000 70000000 70000000 70000000 70000000 70000000 70000000 70000000 70000000 70000000
normal_attack 7
30000000 30000000 30000000 30000000 30000000 30000000 30000000
special_attack 7
40000000 40000000 40000000 40000000 40000000 40000000 40000000